
00000000000000000000000010100000
00000000000000000000000000000101
00000000000000000001010100000000
00000000000000000001011010000000
00000000000000000001010100000000
00000000000000000001011010000000
0000111
00000000000000000001011010100001
00000000000000000001011010100010
00000000000000000001001000010010
00000000000000000001011010010001
00000000000000000001011010010010
00000000000000000001011010000000
00000000000000000001010001010000
00000000000000000001011000000111
00000000000000000001001000010010
00000000000000000001011010110000